   244   641  8821  7971  6616 35006  0    -1 RSV_12X20_DTG3M0.txt
   604  3285  5970  5718 13218 35005  0    -1 RSV_12X50_DTG3M0.txt
   134   233 10852  9291  3378 35003  0    -1 RSV_13X10_DTG3M0.txt
   264   704  8398  7606  5487 35003  0    -1 RSV_13X20_DTG3M0.txt
   654  3532  6182  5854 12933 37355  0    -1 RSV_13X50_DTG3M0.txt
   144   262  8578  7527  1562 35002  0    -1 RSV_14X10_DTG3M0.txt
   284   751 10057  8971  7239 35001  0    -1 RSV_14X20_DTG3M0.txt
   704  3829  5684  5391 11639 35006  0    -1 RSV_14X50_DTG3M0.txt
   154   268  8659  7400  1493 35008  0    -1 RSV_15X10_DTG3M0.txt
   304   811  7164  6635  2946 35011  0    -1 RSV_15X20_DTG3M0.txt
   754  4082  5586  5298 11436 35008  0    -1 RSV_15X50_DTG3M0.txt
    14    20    11     7     8     1  1     5 RSV_1X10_DTG3M0.txt
    24    53     9     5    11     0  1     3 RSV_1X20_DTG3M0.txt
    54   276     8     4    15     1  1     2 RSV_1X50_DTG3M0.txt
    24    37    13     5    16     1  1     2 RSV_2X10_DTG3M0.txt
    44   109    18    11    24     1  1     6 RSV_2X20_DTG3M0.txt
   104   542   118   105   344    32  1     8 RSV_2X50_DTG3M0.txt
    34    61    16     7    12     1  1     4 RSV_3X10_DTG3M0.txt
    64   163   181   161   147    15  1    13 RSV_3X20_DTG3M0.txt
   154   822  1420  1335  3779   925  1    14 RSV_3X50_DTG3M0.txt
    44    72    37    23    35     1  1     7 RSV_4X10_DTG3M0.txt
    84   220   262   234   203    28  1    16 RSV_4X20_DTG3M0.txt
   204  1076   424   399   784   230  1    10 RSV_4X50_DTG3M0.txt
    54    98   128   107    71    12  1    14 RSV_5X10_DTG3M0.txt
   104   276   805   731   575   140  1    21 RSV_5X20_DTG3M0.txt
   254  1371 10539 10000 25470 30754  0    -1 RSV_5X50_DTG3M0.txt
    64   113   815   718   108   112  1    34 RSV_6X10_DTG3M0.txt
   124   322  1277  1178   650   442  1    23 RSV_6X20_DTG3M0.txt
   304  1614  7492  7138 12839 35001  0    -1 RSV_6X50_DTG3M0.txt
    74   134   617   538   208    76  1    25 RSV_7X10_DTG3M0.txt
   144   385 10805 10000  5471 30697  0    -1 RSV_7X20_DTG3M0.txt
   354  1911  8408  7984 20060 35010  0    -1 RSV_7X50_DTG3M0.txt
    84   150 11387 10000  1238 32864  0    -1 RSV_8X10_DTG3M0.txt
   164   434  2525  2268  1719  2126  1    22 RSV_8X20_DTG3M0.txt
   404  2176  6835  6537 12460 35005  0    -1 RSV_8X50_DTG3M0.txt
    94   168 10626  9199  2078 35002  0    -1 RSV_9X10_DTG3M0.txt
   184   485  7786  7137  3355 35002  0    -1 RSV_9X20_DTG3M0.txt
   454  2447  7042  6699 14782 35005  0    -1 RSV_9X50_DTG3M0.txt
   104   183  4563  4001   526  6257  1   106 RSV_10X10_DTG3M0.txt
   204   535  9403  8644  3694 35001  0    -1 RSV_10X20_DTG3M0.txt
   504  2740  7206  6819 16685 35007  0    -1 RSV_10X50_DTG3M0.txt
   114   197 11598  9876  3542 35003  0    -1 RSV_11X10_DTG3M0.txt
   224   586  8911  8072  6707 35003  0    -1 RSV_11X20_DTG3M0.txt
   554  2991  6943  6562 15620 35001  0    -1 RSV_11X50_DTG3M0.txt
   124   222  9571  8447  1333 35003  0    -1 RSV_12X10_DTG3M0.txt
[All End] coverable/total = 19/45
