   244   641   372   328   308   356  1    58 RSV_12X20_DTG3M0.txt
   604  3285  3762  3599  9586 16383  1    65 RSV_12X50_DTG3M0.txt
   134   233 10270  8893  1979 35004  0    -1 RSV_13X10_DTG3M0.txt
   264   704  9027  8306  5120 35004  0    -1 RSV_13X20_DTG3M0.txt
   654  3532  7655  7238 16094 35004  0    -1 RSV_13X50_DTG3M0.txt
   144   262  8746  7750  1080 35001  0    -1 RSV_14X10_DTG3M0.txt
   284   751  8824  8028  5017 35003  0    -1 RSV_14X20_DTG3M0.txt
   704  3829  5408  5173  9104 35001  0    -1 RSV_14X50_DTG3M0.txt
   154   268  9216  7883  1495 35003  0    -1 RSV_15X10_DTG3M0.txt
   304   811  8778  8170  4222 35003  0    -1 RSV_15X20_DTG3M0.txt
   754  4082  6766  6380 12763 35001  0    -1 RSV_15X50_DTG3M0.txt
    14    20    11     7     8     0  1     5 RSV_1X10_DTG3M0.txt
    24    53     9     5    11     0  1     3 RSV_1X20_DTG3M0.txt
    54   276     8     4    15     0  1     2 RSV_1X50_DTG3M0.txt
    24    37    13     5    16     0  1     2 RSV_2X10_DTG3M0.txt
    44   109    15     8    15     1  1     6 RSV_2X20_DTG3M0.txt
   104   542    48    39   181    11  1     8 RSV_2X50_DTG3M0.txt
    34    61    15     6    11     0  1     4 RSV_3X10_DTG3M0.txt
    64   163    44    30    66     2  1    13 RSV_3X20_DTG3M0.txt
   154   822    67    55   282    22  1    14 RSV_3X50_DTG3M0.txt
    44    72    26    14    31     0  1     7 RSV_4X10_DTG3M0.txt
    84   220    40    26    74     2  1    16 RSV_4X20_DTG3M0.txt
   204  1076    35    24   153    15  1    10 RSV_4X50_DTG3M0.txt
    54    98    46    33    34     2  1    14 RSV_5X10_DTG3M0.txt
   104   276   147   132   107    16  1    21 RSV_5X20_DTG3M0.txt
   254  1371   373   351  1237   225  1    20 RSV_5X50_DTG3M0.txt
    64   113    97    74    63     4  1    34 RSV_6X10_DTG3M0.txt
   124   322   106    88   119    10  1    23 RSV_6X20_DTG3M0.txt
   304  1614   330   305  1134   285  1    23 RSV_6X50_DTG3M0.txt
    74   134    84    66    23     5  1    25 RSV_7X10_DTG3M0.txt
   144   385  2454  2276  1346  1193  1    67 RSV_7X20_DTG3M0.txt
   354  1911   281   256   970   265  1    31 RSV_7X50_DTG3M0.txt
    84   150   697   601   158    93  1    90 RSV_8X10_DTG3M0.txt
   164   434   110    87    92    17  1    22 RSV_8X20_DTG3M0.txt
   404  2176   345   303  1277   398  1    32 RSV_8X50_DTG3M0.txt
    94   168   920   768   416   135  1    61 RSV_9X10_DTG3M0.txt
   184   485   760   684   600   215  1    73 RSV_9X20_DTG3M0.txt
   454  2447  6274  6036 12240 35008  0    -1 RSV_9X50_DTG3M0.txt
   104   183   488   421   140   181  1   106 RSV_10X10_DTG3M0.txt
   204   535  7115  6623  1791 35003  0    -1 RSV_10X20_DTG3M0.txt
   504  2740  5267  5066 10292 35003  0    -1 RSV_10X50_DTG3M0.txt
   114   197  3683  3253   507  2991  1    65 RSV_11X10_DTG3M0.txt
   224   586  2082  1913  1159  3855  1    89 RSV_11X20_DTG3M0.txt
   554  2991  4567  4362  9585 31113  1    71 RSV_11X50_DTG3M0.txt
   124   222   742   634   181   151  1    83 RSV_12X10_DTG3M0.txt
[All End] coverable/total = 33/45
