   244   641  8363  8043  5357 35005  0    -1 RSV_12X20_DTG3M0.txt
   604  3285  5929  5874  9782 35001  0    -1 RSV_12X50_DTG3M0.txt
   134   233  9324  8523  9018 36054  0    -1 RSV_13X10_DTG3M0.txt
   264   704  9780  9428  9078 35004  0    -1 RSV_13X20_DTG3M0.txt
   654  3532  6533  6489  9606 35003  0    -1 RSV_13X50_DTG3M0.txt
   144   262  9373  8363 16044 35002  0    -1 RSV_14X10_DTG3M0.txt
   284   751  7222  6821 17272 35002  0    -1 RSV_14X20_DTG3M0.txt
   704  3829  5304  5252  9979 35002  0    -1 RSV_14X50_DTG3M0.txt
   154   268  8372  7534 11686 36301  0    -1 RSV_15X10_DTG3M0.txt
   304   811  8815  8457 17966 35003  0    -1 RSV_15X20_DTG3M0.txt
   754  4082  6058  5996 10227 35002  0    -1 RSV_15X50_DTG3M0.txt
    14    20    19    16     2     1  1     5 RSV_1X10_DTG3M0.txt
    24    53    84    81     2     5  1     3 RSV_1X20_DTG3M0.txt
    54   276   984   981    38   301  1    33 RSV_1X50_DTG3M0.txt
    24    37   855   765  1311    89  1     2 RSV_2X10_DTG3M0.txt
    44   109    27    22    65     1  1    16 RSV_2X20_DTG3M0.txt
   104   542  6485  6336 36408 35002  0    -1 RSV_2X50_DTG3M0.txt
    34    61  1204  1115  1076   179  1    83 RSV_3X10_DTG3M0.txt
    64   163 10469 10000 15421 27744  0    -1 RSV_3X20_DTG3M0.txt
   154   822  8158  8093 26373 35001  0    -1 RSV_3X50_DTG3M0.txt
    44    72   517   476   343    39  1    45 RSV_4X10_DTG3M0.txt
    84   220 10336 10000  8595 29693  0    -1 RSV_4X20_DTG3M0.txt
   204  1076  7310  7266 17641 35002  0    -1 RSV_4X50_DTG3M0.txt
    54    98 10802 10000  6035 29421  0    -1 RSV_5X10_DTG3M0.txt
   104   276 10322 10000  8877 33601  0    -1 RSV_5X20_DTG3M0.txt
   254  1371  7970  7923 10883 35001  0    -1 RSV_5X50_DTG3M0.txt
    64   113  5657  5261  6988  6329  1   188 RSV_6X10_DTG3M0.txt
   124   322 10260  9725 26900 35001  0    -1 RSV_6X20_DTG3M0.txt
   304  1614  7249  7195 11748 35002  0    -1 RSV_6X50_DTG3M0.txt
    74   134 10920 10000  9309 28963  0    -1 RSV_7X10_DTG3M0.txt
   144   385  9584  9299  8372 35004  0    -1 RSV_7X20_DTG3M0.txt
   354  1911  7017  6972 10751 35002  0    -1 RSV_7X50_DTG3M0.txt
    84   150 10823 10000 12229 26343  0    -1 RSV_8X10_DTG3M0.txt
   164   434  9712  9409  7756 35003  0    -1 RSV_8X20_DTG3M0.txt
   404  2176  7430  7325 10429 35001  0    -1 RSV_8X50_DTG3M0.txt
    94   168 11012  9868 18963 35002  0    -1 RSV_9X10_DTG3M0.txt
   184   485  7942  7252 20071 35004  0    -1 RSV_9X20_DTG3M0.txt
   454  2447  6541  6507  9950 35001  0    -1 RSV_9X50_DTG3M0.txt
   104   183 11020  9965 11098 35001  0    -1 RSV_10X10_DTG3M0.txt
   204   535  9612  9247 16056 35003  0    -1 RSV_10X20_DTG3M0.txt
   504  2740  6694  6625  8270 35002  0    -1 RSV_10X50_DTG3M0.txt
   114   197 10905 10000  7437 27850  0    -1 RSV_11X10_DTG3M0.txt
   224   586  7614  7399  5811 35001  0    -1 RSV_11X20_DTG3M0.txt
   554  2991  7150  7091 10268 35003  0    -1 RSV_11X50_DTG3M0.txt
   124   222 10554  9442 17087 35002  0    -1 RSV_12X10_DTG3M0.txt
[All End] coverable/total = 8/45
