   244   641  8056  6052 83664 35441  0    -1 RSV_12X20_DTG3M0.txt
   604  3285  6703  5150150418 36182  0    -1 RSV_12X50_DTG3M0.txt
   134   233  8395  5465 90330 35149  0    -1 RSV_13X10_DTG3M0.txt
   264   704  7181  5087116531 36694  0    -1 RSV_13X20_DTG3M0.txt
   654  3532  7086  4535183041 37298  0    -1 RSV_13X50_DTG3M0.txt
   144   262 12255  7168177762 35003  0    -1 RSV_14X10_DTG3M0.txt
   284   751  6987  4963100252 36298  0    -1 RSV_14X20_DTG3M0.txt
   704  3829  6501  4625169070 36959  0    -1 RSV_14X50_DTG3M0.txt
   154   268  8781  5458 82746 36443  0    -1 RSV_15X10_DTG3M0.txt
   304   811  7396  4801147519 36436  0    -1 RSV_15X20_DTG3M0.txt
   754  4082  6718  4514170719 37747  0    -1 RSV_15X50_DTG3M0.txt
    14    20    12     9     7     0  1     5 RSV_1X10_DTG3M0.txt
    24    53    10     7     7     0  1     3 RSV_1X20_DTG3M0.txt
    54   276     9     6     5     1  1     2 RSV_1X50_DTG3M0.txt
    24    37    16    10    33     1  1     2 RSV_2X10_DTG3M0.txt
    44   109    38    32    88     2  1     6 RSV_2X20_DTG3M0.txt
   104   542  1275  1116  9510   220  1     8 RSV_2X50_DTG3M0.txt
    34    61    26    19    42     0  1     4 RSV_3X10_DTG3M0.txt
    64   163  3447  2999  6215  1246  1    13 RSV_3X20_DTG3M0.txt
   154   822 11004 10000 56333 24961  0    -1 RSV_3X50_DTG3M0.txt
    44    72    90    78    49     2  1     7 RSV_4X10_DTG3M0.txt
    84   220  7295  6425 11906 10192  1    16 RSV_4X20_DTG3M0.txt
   204  1076  8031  7422 33509 13280  1    10 RSV_4X50_DTG3M0.txt
    54    98  1026   862  1017   104  1    14 RSV_5X10_DTG3M0.txt
   104   276 11494 10000 19850 23449  0    -1 RSV_5X20_DTG3M0.txt
   254  1371 10815 10000 43324 32630  0    -1 RSV_5X50_DTG3M0.txt
    64   113 11788 10000 31219 25352  0    -1 RSV_6X10_DTG3M0.txt
   124   322 13223 10000152793 31912  0    -1 RSV_6X20_DTG3M0.txt
   304  1614  9579  8292190875 36302  0    -1 RSV_6X50_DTG3M0.txt
    74   134 12882 10000 40824 22404  0    -1 RSV_7X10_DTG3M0.txt
   144   385 12417 10000104926 34204  0    -1 RSV_7X20_DTG3M0.txt
   354  1911  9486  8105127291 35564  0    -1 RSV_7X50_DTG3M0.txt
    84   150 14478  9174175913 35003  0    -1 RSV_8X10_DTG3M0.txt
   164   434 11533  8564161716 35002  0    -1 RSV_8X20_DTG3M0.txt
   404  2176  7607  6526219778 35001  0    -1 RSV_8X50_DTG3M0.txt
    94   168 15107 10000139742 34102  0    -1 RSV_9X10_DTG3M0.txt
   184   485 11986  7852345304 35003  0    -1 RSV_9X20_DTG3M0.txt
   454  2447  7462  5104374964 36233  0    -1 RSV_9X50_DTG3M0.txt
   104   183 13245  8648113119 35010  0    -1 RSV_10X10_DTG3M0.txt
   204   535  9359  6544264818 36992  0    -1 RSV_10X20_DTG3M0.txt
   504  2740  8256  5536237429 36532  0    -1 RSV_10X50_DTG3M0.txt
   114   197  8833  5875139652 35328  0    -1 RSV_11X10_DTG3M0.txt
   224   586  8676  5605206247 35574  0    -1 RSV_11X20_DTG3M0.txt
   554  2991  9468  6430239425 36651  0    -1 RSV_11X50_DTG3M0.txt
   124   222  7246  5803 41424 35001  0    -1 RSV_12X10_DTG3M0.txt
[All End] coverable/total = 12/45
