   244   641 10043 10000  1021 24470  0    -1 RSV_12X20_DTG3M0.txt
   604  3285 10030 10000  2035 19059  0    -1 RSV_12X50_DTG3M0.txt
   134   233 10452 10000  3725 25607  0    -1 RSV_13X10_DTG3M0.txt
   264   704  8914  8445 14196 35003  0    -1 RSV_13X20_DTG3M0.txt
   654  3532 10029  9958 13767 35001  0    -1 RSV_13X50_DTG3M0.txt
   144   262 10319 10000  2519 29364  0    -1 RSV_14X10_DTG3M0.txt
   284   751 10101 10000  2347 22826  0    -1 RSV_14X20_DTG3M0.txt
   704  3829 10048 10000  2551 30795  0    -1 RSV_14X50_DTG3M0.txt
   154   268 11039 10000  4408 18512  0    -1 RSV_15X10_DTG3M0.txt
   304   811 10082 10000  2578 25866  0    -1 RSV_15X20_DTG3M0.txt
   754  4082 10049 10000  4505 29946  0    -1 RSV_15X50_DTG3M0.txt
    14    20    14    11     6     1  1     5 RSV_1X10_DTG3M0.txt
    24    53    12     9     6     0  1     3 RSV_1X20_DTG3M0.txt
    54   276    10     7     5     1  1     2 RSV_1X50_DTG3M0.txt
    24    37    13     8    19     1  1     2 RSV_2X10_DTG3M0.txt
    44   109    42    36    56     2  1     6 RSV_2X20_DTG3M0.txt
   104   542   235   225  1395    57  1     8 RSV_2X50_DTG3M0.txt
    34    61    57    50    51     4  1     4 RSV_3X10_DTG3M0.txt
    64   163   440   420   499    94  1    13 RSV_3X20_DTG3M0.txt
   154   822  1271  1241  4579   953  1    17 RSV_3X50_DTG3M0.txt
    44    72    47    40    29     4  1     7 RSV_4X10_DTG3M0.txt
    84   220   389   373   209    50  1    16 RSV_4X20_DTG3M0.txt
   204  1076   308   296   809    69  1    11 RSV_4X50_DTG3M0.txt
    54    98   144   135    59    15  1    14 RSV_5X10_DTG3M0.txt
   104   276  5311  5176  2301 11576  1    21 RSV_5X20_DTG3M0.txt
   254  1371  1933  1898  3881  1163  1    23 RSV_5X50_DTG3M0.txt
    64   113  7652  7586   593 21428  1    34 RSV_6X10_DTG3M0.txt
   124   322  1287  1263   468   195  1    28 RSV_6X20_DTG3M0.txt
   304  1614 10043 10000  4141 19633  0    -1 RSV_6X50_DTG3M0.txt
    74   134   435   416   119    20  1    25 RSV_7X10_DTG3M0.txt
   144   385 10445 10000  5985 27587  0    -1 RSV_7X20_DTG3M0.txt
   354  1911  7798  7626 14668 35003  0    -1 RSV_7X50_DTG3M0.txt
    84   150 11263 10000  6670 26116  0    -1 RSV_8X10_DTG3M0.txt
   164   434 10073 10000  2378 17834  0    -1 RSV_8X20_DTG3M0.txt
   404  2176 10032 10000  1716 14966  0    -1 RSV_8X50_DTG3M0.txt
    94   168 11219 10000 10070 32947  0    -1 RSV_9X10_DTG3M0.txt
   184   485 10574 10000 14430 25355  0    -1 RSV_9X20_DTG3M0.txt
   454  2447  8706  8500 34382 35004  0    -1 RSV_9X50_DTG3M0.txt
   104   183 10053 10000   224 22037  0    -1 RSV_10X10_DTG3M0.txt
   204   535 10073 10000  1965 19423  0    -1 RSV_10X20_DTG3M0.txt
   504  2740  7536  7370 18079 35002  0    -1 RSV_10X50_DTG3M0.txt
   114   197 10066 10000   365 22731  0    -1 RSV_11X10_DTG3M0.txt
   224   586 10280  9860  6326 35004  0    -1 RSV_11X20_DTG3M0.txt
   554  2991  6693  6546 13580 35001  0    -1 RSV_11X50_DTG3M0.txt
   124   222 10101 10000   627 20829  0    -1 RSV_12X10_DTG3M0.txt
[All End] coverable/total = 18/45
