   244   641  3854  3663  4573  5120  1    54 RSV_12X20_DTG3M0.txt
   604  3285  5720  5567 25326 35003  0    -1 RSV_12X50_DTG3M0.txt
   134   233  8555  7934  9539 35001  0    -1 RSV_13X10_DTG3M0.txt
   264   704  7616  7213  9331 35004  0    -1 RSV_13X20_DTG3M0.txt
   654  3532  6721  6535 30657 35004  0    -1 RSV_13X50_DTG3M0.txt
   144   262  7202  6707 10078 35013  0    -1 RSV_14X10_DTG3M0.txt
   284   751  9172  8681 11523 35003  0    -1 RSV_14X20_DTG3M0.txt
   704  3829  5561  5425 30613 35002  0    -1 RSV_14X50_DTG3M0.txt
   154   268 10957  9901 14950 35002  0    -1 RSV_15X10_DTG3M0.txt
   304   811  7675  7236 14319 35003  0    -1 RSV_15X20_DTG3M0.txt
   754  4082  6452  6280 34574 35001  0    -1 RSV_15X50_DTG3M0.txt
    14    20    11     8     6     0  1     5 RSV_1X10_DTG3M0.txt
    24    53     9     6     6     0  1     3 RSV_1X20_DTG3M0.txt
    54   276     8     5     4     0  1     2 RSV_1X50_DTG3M0.txt
    24    37    11     6    19     0  1     2 RSV_2X10_DTG3M0.txt
    44   109    22    17    53     1  1     6 RSV_2X20_DTG3M0.txt
   104   542    79    73   537     5  1     8 RSV_2X50_DTG3M0.txt
    34    61    29    22    47     1  1     4 RSV_3X10_DTG3M0.txt
    64   163    46    38   128     1  1    13 RSV_3X20_DTG3M0.txt
   154   822   343   329  1654    34  1    17 RSV_3X50_DTG3M0.txt
    44    72    22    15    28     0  1     7 RSV_4X10_DTG3M0.txt
    84   220    61    52   116     2  1    16 RSV_4X20_DTG3M0.txt
   204  1076    91    83   424     4  1    10 RSV_4X50_DTG3M0.txt
    54    98    57    49    46     2  1    14 RSV_5X10_DTG3M0.txt
   104   276   355   333   415    29  1    21 RSV_5X20_DTG3M0.txt
   254  1371   501   484  1946    63  1    24 RSV_5X50_DTG3M0.txt
    64   113   289   256   260    16  1    34 RSV_6X10_DTG3M0.txt
   124   322   212   197   274    12  1    28 RSV_6X20_DTG3M0.txt
   304  1614  2894  2824  7112  2228  1    25 RSV_6X50_DTG3M0.txt
    74   134    84    72    68     3  1    25 RSV_7X10_DTG3M0.txt
   144   385 10549 10000 11824 34309  0    -1 RSV_7X20_DTG3M0.txt
   354  1911  7354  7200 12793 35001  0    -1 RSV_7X50_DTG3M0.txt
    84   150  1689  1533  1749   318  1    89 RSV_8X10_DTG3M0.txt
   164   434   274   254   621    20  1    22 RSV_8X20_DTG3M0.txt
   404  2176  1542  1498  7534   945  1    52 RSV_8X50_DTG3M0.txt
    94   168 11003  9710  8052 35004  0    -1 RSV_9X10_DTG3M0.txt
   184   485  4593  4330 10743  4580  1    85 RSV_9X20_DTG3M0.txt
   454  2447  6624  6454 31069 35002  0    -1 RSV_9X50_DTG3M0.txt
   104   183   764   685   649   352  1   106 RSV_10X10_DTG3M0.txt
   204   535  8717  8248 12628 35001  0    -1 RSV_10X20_DTG3M0.txt
   504  2740  6899  6713 22851 35003  0    -1 RSV_10X50_DTG3M0.txt
   114   197 11087 10000  7070 32653  0    -1 RSV_11X10_DTG3M0.txt
   224   586  7716  7325  8217 36498  0    -1 RSV_11X20_DTG3M0.txt
   554  2991  6609  6483 16423 35001  0    -1 RSV_11X50_DTG3M0.txt
   124   222   919   826  1262   151  1    88 RSV_12X10_DTG3M0.txt
[All End] coverable/total = 26/45
